Transaction Date,Transaction Type,Sort Code,Account Number,Transaction Description,Debit Amount,Credit Amount,Balance,Category
30/04/2024,DEB,'30-65-49,60671260,ROYAL BOROUGH OF G CD 9121 ,416.45,,2752.98,Business Rates
30/04/2024,FPI,'30-65-49,60671260,PAYMENTSENSE LIMIT DOJO30APRLOC000001 010F215241210UUU ,,249.35,3169.43,POS Sale
29/04/2024,FPI,'30-65-49,60671260,PAYMENTSENSE LIMIT DOJO29APRLOC000001 010F215241204WIP ,,126.89,2920.08,POS Sale
29/04/2024,FPI,'30-65-49,60671260,PAYMENTSENSE LIMIT DOJO28APRLOC000001 010F215241202WAS 28APR24 ,,248.48,2793.19,POS Sale
29/04/2024,FPI,'30-65-49,60671260,PAYMENTSENSE LIMIT DOJO27APRLOC000001 010F215241200U1O 27APR24 ,,441.27,2544.71,POS Sale
26/04/2024,FPO,'30-65-49,60671260,ASCO FOODS LIMITED 400000001341343900 NHU001/180186 26APR24 09:13 ,1094.25,,2103.44,Other
26/04/2024,FPI,'30-65-49,60671260,PAYMENTSENSE LIMIT DOJO26APRLOC000001 010F215241171LLM ,,185.82,3197.69,POS Sale
25/04/2024,FPI,'30-65-49,60671260,PAYMENTSENSE LIMIT DOJO25APRLOC000001 010F215241160VM9 ,,179.28,3011.87,POS Sale
25/04/2024,DD,'30-65-49,60671260,DOJOUK PS07RG-GB00896117 ,112.34,,2832.59,Other
24/04/2024,DEB,'30-65-49,60671260,CO-OP GROUP 500080 CD 9121 ,8.05,,2944.93,Sundry
24/04/2024,FPI,'30-65-49,60671260,PAYMENTSENSE LIMIT DOJO24APRLOC000001 010F215241150TR2 ,,281.88,2952.98,POS Sale
23/04/2024,DEB,'30-65-49,60671260,ROYAL BOROUGH OF G CD 9121 ,821.19,,2671.1,Business Rates
23/04/2024,FPI,'30-65-49,60671260,PAYMENTSENSE LIMIT DOJO23APRLOC000001 010F215241140SWR ,,197.28,3492.29,POS Sale
22/04/2024,FPI,'30-65-49,60671260,PAYMENTSENSE LIMIT DOJO22APRLOC000001 010F215241134TF7 ,,246.87,3295.01,POS Sale
22/04/2024,FPI,'30-65-49,60671260,PAYMENTSENSE LIMIT DOJO21APRLOC000001 010F2152411337RA 21APR24 ,,497.77,3048.14,POS Sale
22/04/2024,FPI,'30-65-49,60671260,PAYMENTSENSE LIMIT DOJO20APRLOC000001 010F215241130WUY 20APR24 ,,463.69,2550.37,POS Sale
19/04/2024,FPI,'30-65-49,60671260,PAYMENTSENSE LIMIT DOJO19APRLOC000001 010F215241101H4C ,,137.9,2086.68,POS Sale
18/04/2024,DEB,'30-65-49,60671260,LIDL GB LONDON CD 9121 ,65.38,,1948.78,Groceries
18/04/2024,FPO,'30-65-49,60671260,KOREA FOODS CO. LT 400000001336754972 C03816 NHUNG ANH 18APR24 15:00 ,1139.0,,2014.16,Purchase
18/04/2024,FPI,'30-65-49,60671260,PAYMENTSENSE LIMIT DOJO18APRLOC000001 010F21524109126D ,,276.93,3153.16,POS Sale
17/04/2024,FPI,'30-65-49,60671260,PAYMENTSENSE LIMIT DOJO17APRLOC000001 010F215241080VZR ,,355.13,2876.23,POS Sale
16/04/2024,FPI,'30-65-49,60671260,PAYMENTSENSE LIMIT DOJO16APRLOC000001 010F215241071BBD ,,161.04,2521.1,POS Sale
15/04/2024,FPI,'30-65-49,60671260,PAYMENTSENSE LIMIT DOJO15APRLOC000001 010F215241064QKM ,,442.02,2360.06,POS Sale
15/04/2024,FPI,'30-65-49,60671260,PAYMENTSENSE LIMIT DOJO14APRLOC000001 010F215241062WFM 14APR24 ,,375.57,1918.04,POS Sale
15/04/2024,FPI,'30-65-49,60671260,PAYMENTSENSE LIMIT DOJO13APRLOC000001 010F215241060Z0M 13APR24 ,,325.97,1542.47,POS Sale
12/04/2024,FPO,'30-65-49,60671260,LONGDAN LTD 200000001324773595 NHUNG ANH MARKET 12APR24 17:14 ,355.3,,1216.5,Other
12/04/2024,FPO,'30-65-49,60671260,HYPERAMA PLC TA JK 300000001332022927 CSNHU001 NHUNG ANH 12APR24 12:24 ,976.26,,1571.8,Other
12/04/2024,FPI,'30-65-49,60671260,PAYMENTSENSE LIMIT DOJO12APRLOC000001 010F215241030UYZ ,,220.19,2548.06,POS Sale
11/04/2024,FPI,'30-65-49,60671260,PAYMENTSENSE LIMIT DOJO11APRLOC000001 010F215241020UJK ,,253.37,2327.87,POS Sale
10/04/2024,FPO,'30-65-49,60671260,THI HONG LIEU VO 500000001327730799 NHUG 10APR24 20:43 ,100.0,,2074.5,Other
10/04/2024,FPO,'30-65-49,60671260,DINH LE LTD 100000001324113900 NHUNGANHMAKET 10APR24 12:49 ,286.0,,2174.5,Other
10/04/2024,FPI,'30-65-49,60671260,PAYMENTSENSE LIMIT DOJO10APRLOC000001 010F215241011F96 ,,460.89,2460.5,POS Sale
09/04/2024,DEB,'30-65-49,60671260,CO-OP GROUP 500080 CD 9121 ,7.8,,1999.61,Sundry
09/04/2024,FPO,'30-65-49,60671260,INTERLINK DIRECT L 600000001326550182 CLD0400 NHUNGANH 09APR24 13:22 ,2057.6,,2007.41,Other
09/04/2024,FPI,'30-65-49,60671260,T NGUYEN RENT FLAT 17 600000001326514683 ,,2500.0,4065.01,Other
09/04/2024,FPI,'30-65-49,60671260,BENN C F     V99 TRAN THI KIM THANH 47093450840648000N ,,8.0,1565.01,Other
09/04/2024,FPI,'30-65-49,60671260,PAYMENTSENSE LIMIT DOJO09APRLOC000001 010F215241000T66 ,,205.33,1557.01,POS Sale
08/04/2024,FPI,'30-65-49,60671260,THI VU PK92KP1HUQEH7ELC4L ,,29.0,1351.68,Other
08/04/2024,FPI,'30-65-49,60671260,PAYMENTSENSE LIMIT DOJO08APRLOC000001 010F215240994UQK ,,243.24,1322.68,POS Sale
08/04/2024,DEB,'30-65-49,60671260,CO-OP GROUP 500080 CD 9121    07APR24 ,3.8,,1079.44,Sundry
08/04/2024,FPI,'30-65-49,60671260,PAYMENTSENSE LIMIT DOJO07APRLOC000001 010F215240993C00 07APR24 ,,227.53,1083.24,POS Sale
08/04/2024,DEB,'30-65-49,60671260,MARKS&SPENCER PLC CD 9121    06APR24 ,10.3,,855.71,Other
08/04/2024,DEB,'30-65-49,60671260,TFL TRAVEL CH CD 9121    06APR24 ,1.75,,866.01,Other
08/04/2024,FPI,'30-65-49,60671260,PAYMENTSENSE LIMIT DOJO06APRLOC000001 010F215240990WFA 06APR24 ,,199.17,867.76,POS Sale
05/04/2024,COR,'30-65-49,60671260,UNPAID CHEQUE,6207.94,,668.59,Other
05/04/2024,FPO,'30-65-49,60671260,LONGDAN LTD 600000001324418792 NHUNG ANH MARKET 05APR24 13:37 ,851.5,,6876.53,Other
05/04/2024,DEP,'30-65-49,60671260,CHEQUE DEPOSIT LOYD 19-21 POWIS S ,,6207.94,7728.03,Other
05/04/2024,FPI,'30-65-49,60671260,BENN C F     V99 TRAN THI KIM THANH 32095120878651000N ,,95.0,1520.09,Other
05/04/2024,FPI,'30-65-49,60671260,PAYMENTSENSE LIMIT DOJO05APRLOC000001 010F215240961L04 ,,194.05,1425.09,POS Sale
04/04/2024,FPI,'30-65-49,60671260,T VO 600000001323747487 ,,800.0,1231.04,Other
04/04/2024,FPI,'30-65-49,60671260,PAYMENTSENSE LIMIT DOJO04APRLOC000001 010F215240950SRP ,,164.01,431.04,POS Sale
03/04/2024,FPO,'30-65-49,60671260,PACKSENSE LIMITED 500000001323722477 NHUNG ANH MARKET 03APR24 23:22 ,1915.0,,267.03,Other
03/04/2024,FPI,'30-65-49,60671260,VO THI HONG LIEU LEND FP24094O13604546 ,,500.0,2182.03,Other
03/04/2024,FPI,'30-65-49,60671260,PAYMENTSENSE LIMIT DOJO03APRLOC000001 010F215240940POR ,,169.75,1682.03,POS Sale
02/04/2024,DEB,'30-65-49,60671260,SumUp  *Charles pr CD 9121 ,5.0,,1512.28,Other
02/04/2024,DEB,'30-65-49,60671260,The Showmens Guild CD 9121 ,4.0,,1517.28,Other
02/04/2024,DEB,'30-65-49,60671260,TFL TRAVEL CH CD 9121 ,3.5,,1521.28,Other
02/04/2024,FPI,'30-65-49,60671260,PAYMENTSENSE LIMIT DOJO02APRLOC000001 010F215240930MCF ,,222.16,1524.78,POS Sale
02/04/2024,SO,'30-65-49,60671260,DAI THE CHU,3750.0,,1302.62,Other
02/04/2024,FPI,'30-65-49,60671260,PAYMENTSENSE LIMIT DOJO01APRLOC000001 010F2152409247GW 01APR24 ,,147.0,5052.62,POS Sale
02/04/2024,FPO,'30-65-49,60671260,DINH LE LTD 100000001318000670 NHUNGANHMAKET 31MAR24 21:49 ,582.0,,4905.62,Other
02/04/2024,FPI,'30-65-49,60671260,PAYMENTSENSE LIMIT DOJO31MARLOC000001 010F215240922NY5 31MAR24 ,,401.64,5487.62,POS Sale
02/04/2024,FPI,'30-65-49,60671260,PAYMENTSENSE LIMIT DOJO30MARLOC000001 010F215240921CRW 30MAR24 ,,231.7,5085.98,POS Sale
02/04/2024,FPI,'30-65-49,60671260,NGUYEN H T T TRA HUONG  29MAR24 248755748331923001 ,,65.0,4854.28,Other
02/04/2024,FPI,'30-65-49,60671260,PAYMENTSENSE LIMIT DOJO29MARLOC000001 010F215240891IJ6 29MAR24 ,,264.65,4789.28,POS Sale
28/03/2024,FPI,'30-65-49,60671260,HUYEN VU POCXCVEZRZ9HFUGBUC ,,40.0,4524.63,Other
28/03/2024,FPI,'30-65-49,60671260,A NGUYEN FOOD 100000001316489360 ,,67.0,4484.63,Other
28/03/2024,FPO,'30-65-49,60671260,ASCO FOODS LIMITED 500000001319193492 NHU001/180186 28MAR24 09:27 ,864.51,,4417.63,Other
28/03/2024,FPI,'30-65-49,60671260,PAYMENTSENSE LIMIT DOJO28MARLOC000001 010F215240880UOL ,,198.56,5282.14,POS Sale
27/03/2024,FPI,'30-65-49,60671260,PAYMENTSENSE LIMIT DOJO27MARLOC000001 010F215240870XCI ,,169.04,5083.58,POS Sale
27/03/2024,DD,'30-65-49,60671260,DOJOUK PS07RG-GB00772500 ,112.73,,4914.54,Other
26/03/2024,DEB,'30-65-49,60671260,VILLAGE GREENGROCE CD 9121 ,4.73,,5027.27,Other
26/03/2024,FPI,'30-65-49,60671260,AA GLOBAL CONSULTA REFUND IMPERIAL 400000001322399655 ,,1500.0,5032.0,Other
26/03/2024,FPI,'30-65-49,60671260,PAYMENTSENSE LIMIT DOJO26MARLOC000001 010F215240860RIR ,,342.27,3532.0,POS Sale
25/03/2024,FPO,'30-65-49,60671260,KOREA FOODS CO. LT 100000001313875453 C03816 NHUNG ANH 25MAR24 15:37 ,521.93,,3189.73,Purchase
25/03/2024,FPI,'30-65-49,60671260,PAYMENTSENSE LIMIT DOJO25MARLOC000001 010F215240854I1H ,,133.41,3711.66,POS Sale
25/03/2024,FPI,'30-65-49,60671260,PAYMENTSENSE LIMIT DOJO24MARLOC000001 010F215240853B2G 24MAR24 ,,266.32,3578.25,POS Sale
25/03/2024,DEB,'30-65-49,60671260,CO-OP GROUP 500080 CD 9121    23MAR24 ,4.75,,3311.93,Sundry
25/03/2024,FPI,'30-65-49,60671260,PAYMENTSENSE LIMIT DOJO23MARLOC000001 010F215240850UT4 23MAR24 ,,345.64,3316.68,POS Sale
25/03/2024,FPO,'30-65-49,60671260,GRADE FOODS UK LTD 300000001319266812 58718 NHUNG ANH 23MAR24 01:07 ,676.71,,2971.04,Other
22/03/2024,FPI,'30-65-49,60671260,PAYMENTSENSE LIMIT DOJO22MARLOC000001 010F215240820WN9 ,,69.0,3647.75,POS Sale
21/03/2024,FPI,'30-65-49,60671260,PAYMENTSENSE LIMIT DOJO21MARLOC000001 010F21524081180S ,,272.5,3578.75,POS Sale
20/03/2024,FPO,'30-65-49,60671260,TT MERIDIAN 400000001319249178 NHUNG ANH SUPERMAR 20MAR24 20:20 ,598.0,,3306.25,Other
20/03/2024,FPI,'30-65-49,60671260,PAYMENTSENSE LIMIT DOJO20MARLOC000001 010F215240800Z30 ,,282.73,3904.25,POS Sale
19/03/2024,FPI,'30-65-49,60671260,TUAN TRAN PBOZDX9V6PKPPLPQ3X ,,20.0,3621.52,Other
19/03/2024,FPI,'30-65-49,60671260,PAYMENTSENSE LIMIT DOJO19MARLOC000001 010F2152407913OB ,,145.0,3601.52,POS Sale
18/03/2024,FPI,'30-65-49,60671260,VAN HOANG PCI1LWAO3D61OVALZK ,,150.7,3456.52,Other
18/03/2024,FPI,'30-65-49,60671260,PAYMENTSENSE LIMIT DOJO18MARLOC000001 010F215240784Q5U ,,149.72,3305.82,POS Sale
18/03/2024,FPI,'30-65-49,60671260,PAYMENTSENSE LIMIT DOJO17MARLOC000001 010F215240783DLD 17MAR24 ,,284.3,3156.1,POS Sale
18/03/2024,DEB,'30-65-49,60671260,Temu.com CD 9121    16MAR24 ,40.24,,2871.8,Entertainment
18/03/2024,DEB,'30-65-49,60671260,Temu.com CD 9121    16MAR24 ,40.1,,2912.04,Entertainment
18/03/2024,DEB,'30-65-49,60671260,HOME PERFECTION CD 9121    16MAR24 ,28.0,,2952.14,Other
18/03/2024,DEB,'30-65-49,60671260,Temu.com CD 9121    16MAR24 ,25.18,,2980.14,Entertainment
18/03/2024,DEB,'30-65-49,60671260,RIHANA HAIR & COSM CD 9121    16MAR24 ,8.97,,3005.32,Other
18/03/2024,DEB,'30-65-49,60671260,SABINA HAIR AND CO CD 9121    16MAR24 ,3.98,,3014.29,Other
18/03/2024,FPI,'30-65-49,60671260,PAYMENTSENSE LIMIT DOJO16MARLOC000001 010F215240780ZC6 16MAR24 ,,170.29,3018.27,POS Sale
15/03/2024,DEB,'30-65-49,60671260,Temu.com CD 9121 ,40.02,,2847.98,Entertainment
15/03/2024,DEB,'30-65-49,60671260,Temu.com CD 9121 ,25.8,,2888.0,Entertainment
15/03/2024,DEB,'30-65-49,60671260,Temu.com CD 9121 ,25.58,,2913.8,Entertainment
15/03/2024,DEB,'30-65-49,60671260,Temu.com CD 9121 ,16.76,,2939.38,Entertainment
15/03/2024,DEB,'30-65-49,60671260,Temu.com CD 9121 ,15.26,,2956.14,Entertainment
15/03/2024,DEB,'30-65-49,60671260,CO-OP GROUP 500080 CD 9121 ,5.0,,2971.4,Sundry
15/03/2024,FPI,'30-65-49,60671260,PAYMENTSENSE LIMIT DOJO15MARLOC000001 010F215240751D8F ,,199.31,2976.4,POS Sale
14/03/2024,DEB,'30-65-49,60671260,Temu.com CD 9121 ,20.94,,2777.09,Entertainment
14/03/2024,FPI,'30-65-49,60671260,PAYMENTSENSE LIMIT DOJO14MARLOC000001 010F215240740RLZ ,,183.91,2798.03,POS Sale
13/03/2024,FPI,'30-65-49,60671260,PAYMENTSENSE LIMIT DOJO13MARLOC000001 010F215240730UWM ,,189.93,2614.12,POS Sale
12/03/2024,DEB,'30-65-49,60671260,CO-OP GROUP 500080 CD 9121 ,10.5,,2424.19,Sundry
12/03/2024,FPO,'30-65-49,60671260,T & T ORIENTAL LTD 300000001313269279 NHUNG ANH MATKET 12MAR24 15:06 ,1066.1,,2434.69,Other
12/03/2024,FPI,'30-65-49,60671260,NGUYEN N LEND RP4679966998799900 ,,87.83,3500.79,Other
12/03/2024,FPI,'30-65-49,60671260,PAYMENTSENSE LIMIT DOJO12MARLOC000001 010F215240720R14 ,,206.59,3412.96,POS Sale
11/03/2024,DEB,'30-65-49,60671260,CO-OP GROUP 500080 CD 9121 ,9.5,,3206.37,Sundry
11/03/2024,FPI,'30-65-49,60671260,PAYMENTSENSE LIMIT DOJO11MARLOC000001 010F215240714IQ5 ,,110.53,3215.87,POS Sale
11/03/2024,DEB,'30-65-49,60671260,Temu.com CD 9121    10MAR24 ,38.21,,3105.34,Entertainment
11/03/2024,FPI,'30-65-49,60671260,PAYMENTSENSE LIMIT DOJO10MARLOC000001 010F215240712UU4 10MAR24 ,,151.14,3143.55,POS Sale
11/03/2024,FPI,'30-65-49,60671260,PAYMENTSENSE LIMIT DOJO09MARLOC000001 010F215240710Z1A 09MAR24 ,,256.17,2992.41,POS Sale
08/03/2024,FPI,'30-65-49,60671260,PAYMENTSENSE LIMIT DOJO08MARLOC000001 010F215240680VKQ ,,309.3,2736.24,POS Sale
07/03/2024,FPO,'30-65-49,60671260,PHUC LAM LIMITED 300000001310627509 NHUNGANHMAKET 07MAR24 21:00 ,1237.0,,2426.94,Other
07/03/2024,FPI,'30-65-49,60671260,T VO 600000001306934013 ,,1600.0,3663.94,Other
07/03/2024,FPO,'30-65-49,60671260,FINANCE ACCOUNT-UK 100000001303580960 NHUNGANHMAKET 07MAR24 10:53 ,549.1,,2063.94,Other
07/03/2024,FPI,'30-65-49,60671260,PAYMENTSENSE LIMIT DOJO07MARLOC000001 010F215240671EIF ,,202.43,2613.04,POS Sale
06/03/2024,DEB,'30-65-49,60671260,CO-OP GROUP 500080 CD 9121 ,0.95,,2410.61,Sundry
06/03/2024,FPI,'30-65-49,60671260,THI TRAN SUA MILO PS20IPHEW2KKWUNHPZ ,,40.0,2411.56,Other
06/03/2024,FPO,'30-65-49,60671260,KOREA FOODS CO. LT 100000001303120154 C03816 NHUNG ANH 06MAR24 14:06 ,432.5,,2371.56,Purchase
06/03/2024,FPI,'30-65-49,60671260,PAYMENTSENSE LIMIT DOJO06MARLOC000001 010F215240660WI8 ,,233.98,2804.06,POS Sale
05/03/2024,DEB,'30-65-49,60671260,Temu.com CD 9121 ,11.15,,2570.08,Entertainment
05/03/2024,FPI,'30-65-49,60671260,PAYMENTSENSE LIMIT DOJO05MARLOC000001 010F2152406517YZ ,,153.9,2581.23,POS Sale
04/03/2024,DEB,'30-65-49,60671260,ADT FIRE AND SECUR CD 9121 ,875.69,,2427.33,Other
04/03/2024,DEB,'30-65-49,60671260,BLURIA CD 9121 ,5.0,,3303.02,Other
04/03/2024,FPI,'30-65-49,60671260,VO THI HONG LIEU LEND FP24064O14097617 ,,700.0,3308.02,Other
04/03/2024,FPI,'30-65-49,60671260,PAYMENTSENSE LIMIT DOJO04MARLOC000001 010F215240644RFK ,,205.37,2608.02,POS Sale
04/03/2024,DEB,'30-65-49,60671260,A2Z HOUSEHOLD CD 9121    03MAR24 ,11.4,,2402.65,Other
04/03/2024,FPI,'30-65-49,60671260,PAYMENTSENSE LIMIT DOJO03MARLOC000001 010F215240642SXG 03MAR24 ,,351.16,2414.05,POS Sale
04/03/2024,FPO,'30-65-49,60671260,PACKSENSE LIMITED 100000001301091877 NHUNG ANH MARKET 03MAR24 01:13 ,270.0,,2062.89,Other
04/03/2024,FPO,'30-65-49,60671260,PACKSENSE LIMITED 100000001301091570 NHUNG ANH MARKET 03MAR24 01:09 ,150.0,,2332.89,Other
04/03/2024,FPI,'30-65-49,60671260,T NGUYEN   03MAR24 RENT FLAT 17 200000001300349958 ,,1700.0,2482.89,Other
04/03/2024,FPI,'30-65-49,60671260,PAYMENTSENSE LIMIT DOJO02MARLOC000001 010F215240640ZV0 02MAR24 ,,330.28,782.89,POS Sale
01/03/2024,FPI,'30-65-49,60671260,PAYMENTSENSE LIMIT DOJO01MARLOC000001 010F215240610ZPJ ,,386.02,452.61,POS Sale
01/03/2024,SO,'30-65-49,60671260,DAI THE CHU,3750.0,,66.59,Other
29/02/2024,FPO,'30-65-49,60671260,ASCO FOODS LIMITED 400000001307354722 NHU001/180186 29FEB24 21:48 ,316.45,,3816.59,Other
29/02/2024,DEB,'30-65-49,60671260,CO-OP GROUP 500080 CD 9121 ,5.0,,4133.04,Sundry
29/02/2024,FPI,'30-65-49,60671260,PAYMENTSENSE LIMIT DOJO29FEBLOC000001 010F215240600SS2 ,,190.99,4138.04,POS Sale
28/02/2024,DEB,'30-65-49,60671260,CO-OP GROUP 500080 CD 9121 ,1.65,,3947.05,Sundry
28/02/2024,FPI,'30-65-49,60671260,PAYMENTSENSE LIMIT DOJO28FEBLOC000001 010F215240590VXA ,,278.76,3948.7,POS Sale
27/02/2024,FPI,'30-65-49,60671260,PAYMENTSENSE LIMIT DOJO27FEBLOC000001 010F215240580R6O ,,193.88,3669.94,POS Sale
27/02/2024,DD,'30-65-49,60671260,DOJOUK PS07RG-GB00651577 ,107.26,,3476.06,Other
26/02/2024,FPO,'30-65-49,60671260,KOREA FOODS CO. LT 600000001299693220 C03816 NHUNG ANH 26FEB24 12:51 ,961.0,,3583.32,Purchase
26/02/2024,FPI,'30-65-49,60671260,PAYMENTSENSE LIMIT DOJO26FEBLOC000001 010F215240574ENN ,,274.55,4544.32,POS Sale
26/02/2024,FPO,'30-65-49,60671260,ORIENTAL FOODS DIS 400000001304395761 NHUNG ANH MARKET 25FEB24 23:44 ,816.6,,4269.77,Other
26/02/2024,FPI,'30-65-49,60671260,PAYMENTSENSE LIMIT DOJO25FEBLOC000001 010F215240572SKA 25FEB24 ,,445.48,5086.37,POS Sale
26/02/2024,DEB,'30-65-49,60671260,CO-OP GROUP 500080 CD 9121    24FEB24 ,2.7,,4640.89,Sundry
